%Created by jPicEdt 1.x
%Standard LaTeX format (emulated lines)
%Fri Aug 23 13:12:26 PDT 2002
\unitlength 1mm
\begin{picture}(90.00,80.00)(0,0)

\linethickness{0.15mm}
%Ellipse 0 0(30.00,70.00)(20.00)(20.00)  arcStart=0.0 arcExtent=0.0
\put(39.99,69.51){\line(0,1){0.98}}
\multiput(39.89,71.47)(0.10,-0.98){1}{\line(0,-1){0.98}}
\multiput(39.70,72.43)(0.10,-0.48){2}{\line(0,-1){0.48}}
\multiput(39.42,73.37)(0.14,-0.47){2}{\line(0,-1){0.47}}
\multiput(39.04,74.28)(0.13,-0.30){3}{\line(0,-1){0.30}}
\multiput(38.58,75.14)(0.12,-0.22){4}{\line(0,-1){0.22}}
\multiput(38.03,75.96)(0.11,-0.16){5}{\line(0,-1){0.16}}
\multiput(37.41,76.72)(0.12,-0.15){5}{\line(0,-1){0.15}}
\multiput(36.72,77.41)(0.12,-0.12){6}{\line(0,-1){0.12}}
\multiput(35.96,78.03)(0.15,-0.12){5}{\line(1,0){0.15}}
\multiput(35.14,78.58)(0.16,-0.11){5}{\line(1,0){0.16}}
\multiput(34.28,79.04)(0.22,-0.12){4}{\line(1,0){0.22}}
\multiput(33.37,79.42)(0.30,-0.13){3}{\line(1,0){0.30}}
\multiput(32.43,79.70)(0.47,-0.14){2}{\line(1,0){0.47}}
\multiput(31.47,79.89)(0.48,-0.10){2}{\line(1,0){0.48}}
\multiput(30.49,79.99)(0.98,-0.10){1}{\line(1,0){0.98}}
\put(29.51,79.99){\line(1,0){0.98}}
\multiput(28.53,79.89)(0.98,0.10){1}{\line(1,0){0.98}}
\multiput(27.57,79.70)(0.48,0.10){2}{\line(1,0){0.48}}
\multiput(26.63,79.42)(0.47,0.14){2}{\line(1,0){0.47}}
\multiput(25.72,79.04)(0.30,0.13){3}{\line(1,0){0.30}}
\multiput(24.86,78.58)(0.22,0.12){4}{\line(1,0){0.22}}
\multiput(24.04,78.03)(0.16,0.11){5}{\line(1,0){0.16}}
\multiput(23.28,77.41)(0.15,0.12){5}{\line(1,0){0.15}}
\multiput(22.59,76.72)(0.12,0.12){6}{\line(0,1){0.12}}
\multiput(21.97,75.96)(0.12,0.15){5}{\line(0,1){0.15}}
\multiput(21.42,75.14)(0.11,0.16){5}{\line(0,1){0.16}}
\multiput(20.96,74.28)(0.12,0.22){4}{\line(0,1){0.22}}
\multiput(20.58,73.37)(0.13,0.30){3}{\line(0,1){0.30}}
\multiput(20.30,72.43)(0.14,0.47){2}{\line(0,1){0.47}}
\multiput(20.11,71.47)(0.10,0.48){2}{\line(0,1){0.48}}
\multiput(20.01,70.49)(0.10,0.98){1}{\line(0,1){0.98}}
\put(20.01,69.51){\line(0,1){0.98}}
\multiput(20.01,69.51)(0.10,-0.98){1}{\line(0,-1){0.98}}
\multiput(20.11,68.53)(0.10,-0.48){2}{\line(0,-1){0.48}}
\multiput(20.30,67.57)(0.14,-0.47){2}{\line(0,-1){0.47}}
\multiput(20.58,66.63)(0.13,-0.30){3}{\line(0,-1){0.30}}
\multiput(20.96,65.72)(0.12,-0.22){4}{\line(0,-1){0.22}}
\multiput(21.42,64.86)(0.11,-0.16){5}{\line(0,-1){0.16}}
\multiput(21.97,64.04)(0.12,-0.15){5}{\line(0,-1){0.15}}
\multiput(22.59,63.28)(0.12,-0.12){6}{\line(0,-1){0.12}}
\multiput(23.28,62.59)(0.15,-0.12){5}{\line(1,0){0.15}}
\multiput(24.04,61.97)(0.16,-0.11){5}{\line(1,0){0.16}}
\multiput(24.86,61.42)(0.22,-0.12){4}{\line(1,0){0.22}}
\multiput(25.72,60.96)(0.30,-0.13){3}{\line(1,0){0.30}}
\multiput(26.63,60.58)(0.47,-0.14){2}{\line(1,0){0.47}}
\multiput(27.57,60.30)(0.48,-0.10){2}{\line(1,0){0.48}}
\multiput(28.53,60.11)(0.98,-0.10){1}{\line(1,0){0.98}}
\put(29.51,60.01){\line(1,0){0.98}}
\multiput(30.49,60.01)(0.98,0.10){1}{\line(1,0){0.98}}
\multiput(31.47,60.11)(0.48,0.10){2}{\line(1,0){0.48}}
\multiput(32.43,60.30)(0.47,0.14){2}{\line(1,0){0.47}}
\multiput(33.37,60.58)(0.30,0.13){3}{\line(1,0){0.30}}
\multiput(34.28,60.96)(0.22,0.12){4}{\line(1,0){0.22}}
\multiput(35.14,61.42)(0.16,0.11){5}{\line(1,0){0.16}}
\multiput(35.96,61.97)(0.15,0.12){5}{\line(1,0){0.15}}
\multiput(36.72,62.59)(0.12,0.12){6}{\line(1,0){0.12}}
\multiput(37.41,63.28)(0.12,0.15){5}{\line(0,1){0.15}}
\multiput(38.03,64.04)(0.11,0.16){5}{\line(0,1){0.16}}
\multiput(38.58,64.86)(0.12,0.22){4}{\line(0,1){0.22}}
\multiput(39.04,65.72)(0.13,0.30){3}{\line(0,1){0.30}}
\multiput(39.42,66.63)(0.14,0.47){2}{\line(0,1){0.47}}
\multiput(39.70,67.57)(0.10,0.48){2}{\line(0,1){0.48}}
\multiput(39.89,68.53)(0.10,0.98){1}{\line(0,1){0.98}}
%End Ellipse

\linethickness{0.15mm}
%Ellipse 0 0(80.00,65.00)(20.00)(20.00)  arcStart=0.0 arcExtent=0.0
\put(89.99,64.51){\line(0,1){0.98}}
\multiput(89.89,66.47)(0.10,-0.98){1}{\line(0,-1){0.98}}
\multiput(89.70,67.43)(0.10,-0.48){2}{\line(0,-1){0.48}}
\multiput(89.42,68.37)(0.14,-0.47){2}{\line(0,-1){0.47}}
\multiput(89.04,69.28)(0.13,-0.30){3}{\line(0,-1){0.30}}
\multiput(88.58,70.14)(0.12,-0.22){4}{\line(0,-1){0.22}}
\multiput(88.03,70.96)(0.11,-0.16){5}{\line(0,-1){0.16}}
\multiput(87.41,71.72)(0.12,-0.15){5}{\line(0,-1){0.15}}
\multiput(86.72,72.41)(0.12,-0.12){6}{\line(1,0){0.12}}
\multiput(85.96,73.03)(0.15,-0.12){5}{\line(1,0){0.15}}
\multiput(85.14,73.58)(0.16,-0.11){5}{\line(1,0){0.16}}
\multiput(84.28,74.04)(0.22,-0.12){4}{\line(1,0){0.22}}
\multiput(83.37,74.42)(0.30,-0.13){3}{\line(1,0){0.30}}
\multiput(82.43,74.70)(0.47,-0.14){2}{\line(1,0){0.47}}
\multiput(81.47,74.89)(0.48,-0.10){2}{\line(1,0){0.48}}
\multiput(80.49,74.99)(0.98,-0.10){1}{\line(1,0){0.98}}
\put(79.51,74.99){\line(1,0){0.98}}
\multiput(78.53,74.89)(0.98,0.10){1}{\line(1,0){0.98}}
\multiput(77.57,74.70)(0.48,0.10){2}{\line(1,0){0.48}}
\multiput(76.63,74.42)(0.47,0.14){2}{\line(1,0){0.47}}
\multiput(75.72,74.04)(0.30,0.13){3}{\line(1,0){0.30}}
\multiput(74.86,73.58)(0.22,0.12){4}{\line(1,0){0.22}}
\multiput(74.04,73.03)(0.16,0.11){5}{\line(1,0){0.16}}
\multiput(73.28,72.41)(0.15,0.12){5}{\line(1,0){0.15}}
\multiput(72.59,71.72)(0.12,0.12){6}{\line(1,0){0.12}}
\multiput(71.97,70.96)(0.12,0.15){5}{\line(0,1){0.15}}
\multiput(71.42,70.14)(0.11,0.16){5}{\line(0,1){0.16}}
\multiput(70.96,69.28)(0.12,0.22){4}{\line(0,1){0.22}}
\multiput(70.58,68.37)(0.13,0.30){3}{\line(0,1){0.30}}
\multiput(70.30,67.43)(0.14,0.47){2}{\line(0,1){0.47}}
\multiput(70.11,66.47)(0.10,0.48){2}{\line(0,1){0.48}}
\multiput(70.01,65.49)(0.10,0.98){1}{\line(0,1){0.98}}
\put(70.01,64.51){\line(0,1){0.98}}
\multiput(70.01,64.51)(0.10,-0.98){1}{\line(0,-1){0.98}}
\multiput(70.11,63.53)(0.10,-0.48){2}{\line(0,-1){0.48}}
\multiput(70.30,62.57)(0.14,-0.47){2}{\line(0,-1){0.47}}
\multiput(70.58,61.63)(0.13,-0.30){3}{\line(0,-1){0.30}}
\multiput(70.96,60.72)(0.12,-0.22){4}{\line(0,-1){0.22}}
\multiput(71.42,59.86)(0.11,-0.16){5}{\line(0,-1){0.16}}
\multiput(71.97,59.04)(0.12,-0.15){5}{\line(0,-1){0.15}}
\multiput(72.59,58.28)(0.12,-0.12){6}{\line(1,0){0.12}}
\multiput(73.28,57.59)(0.15,-0.12){5}{\line(1,0){0.15}}
\multiput(74.04,56.97)(0.16,-0.11){5}{\line(1,0){0.16}}
\multiput(74.86,56.42)(0.22,-0.12){4}{\line(1,0){0.22}}
\multiput(75.72,55.96)(0.30,-0.13){3}{\line(1,0){0.30}}
\multiput(76.63,55.58)(0.47,-0.14){2}{\line(1,0){0.47}}
\multiput(77.57,55.30)(0.48,-0.10){2}{\line(1,0){0.48}}
\multiput(78.53,55.11)(0.98,-0.10){1}{\line(1,0){0.98}}
\put(79.51,55.01){\line(1,0){0.98}}
\multiput(80.49,55.01)(0.98,0.10){1}{\line(1,0){0.98}}
\multiput(81.47,55.11)(0.48,0.10){2}{\line(1,0){0.48}}
\multiput(82.43,55.30)(0.47,0.14){2}{\line(1,0){0.47}}
\multiput(83.37,55.58)(0.30,0.13){3}{\line(1,0){0.30}}
\multiput(84.28,55.96)(0.22,0.12){4}{\line(1,0){0.22}}
\multiput(85.14,56.42)(0.16,0.11){5}{\line(1,0){0.16}}
\multiput(85.96,56.97)(0.15,0.12){5}{\line(1,0){0.15}}
\multiput(86.72,57.59)(0.12,0.12){6}{\line(1,0){0.12}}
\multiput(87.41,58.28)(0.12,0.15){5}{\line(0,1){0.15}}
\multiput(88.03,59.04)(0.11,0.16){5}{\line(0,1){0.16}}
\multiput(88.58,59.86)(0.12,0.22){4}{\line(0,1){0.22}}
\multiput(89.04,60.72)(0.13,0.30){3}{\line(0,1){0.30}}
\multiput(89.42,61.63)(0.14,0.47){2}{\line(0,1){0.47}}
\multiput(89.70,62.57)(0.10,0.48){2}{\line(0,1){0.48}}
\multiput(89.89,63.53)(0.10,0.98){1}{\line(0,1){0.98}}
%End Ellipse

\linethickness{0.15mm}
%Ellipse 0 0(40.00,40.00)(20.00)(20.00)  arcStart=0.0 arcExtent=0.0
\put(49.99,39.51){\line(0,1){0.98}}
\multiput(49.89,41.47)(0.10,-0.98){1}{\line(0,-1){0.98}}
\multiput(49.70,42.43)(0.10,-0.48){2}{\line(0,-1){0.48}}
\multiput(49.42,43.37)(0.14,-0.47){2}{\line(0,-1){0.47}}
\multiput(49.04,44.28)(0.13,-0.30){3}{\line(0,-1){0.30}}
\multiput(48.58,45.14)(0.12,-0.22){4}{\line(0,-1){0.22}}
\multiput(48.03,45.96)(0.11,-0.16){5}{\line(0,-1){0.16}}
\multiput(47.41,46.72)(0.12,-0.15){5}{\line(0,-1){0.15}}
\multiput(46.72,47.41)(0.12,-0.12){6}{\line(1,0){0.12}}
\multiput(45.96,48.03)(0.15,-0.12){5}{\line(1,0){0.15}}
\multiput(45.14,48.58)(0.16,-0.11){5}{\line(1,0){0.16}}
\multiput(44.28,49.04)(0.22,-0.12){4}{\line(1,0){0.22}}
\multiput(43.37,49.42)(0.30,-0.13){3}{\line(1,0){0.30}}
\multiput(42.43,49.70)(0.47,-0.14){2}{\line(1,0){0.47}}
\multiput(41.47,49.89)(0.48,-0.10){2}{\line(1,0){0.48}}
\multiput(40.49,49.99)(0.98,-0.10){1}{\line(1,0){0.98}}
\put(39.51,49.99){\line(1,0){0.98}}
\multiput(38.53,49.89)(0.98,0.10){1}{\line(1,0){0.98}}
\multiput(37.57,49.70)(0.48,0.10){2}{\line(1,0){0.48}}
\multiput(36.63,49.42)(0.47,0.14){2}{\line(1,0){0.47}}
\multiput(35.72,49.04)(0.30,0.13){3}{\line(1,0){0.30}}
\multiput(34.86,48.58)(0.22,0.12){4}{\line(1,0){0.22}}
\multiput(34.04,48.03)(0.16,0.11){5}{\line(1,0){0.16}}
\multiput(33.28,47.41)(0.15,0.12){5}{\line(1,0){0.15}}
\multiput(32.59,46.72)(0.12,0.12){6}{\line(1,0){0.12}}
\multiput(31.97,45.96)(0.12,0.15){5}{\line(0,1){0.15}}
\multiput(31.42,45.14)(0.11,0.16){5}{\line(0,1){0.16}}
\multiput(30.96,44.28)(0.12,0.22){4}{\line(0,1){0.22}}
\multiput(30.58,43.37)(0.13,0.30){3}{\line(0,1){0.30}}
\multiput(30.30,42.43)(0.14,0.47){2}{\line(0,1){0.47}}
\multiput(30.11,41.47)(0.10,0.48){2}{\line(0,1){0.48}}
\multiput(30.01,40.49)(0.10,0.98){1}{\line(0,1){0.98}}
\put(30.01,39.51){\line(0,1){0.98}}
\multiput(30.01,39.51)(0.10,-0.98){1}{\line(0,-1){0.98}}
\multiput(30.11,38.53)(0.10,-0.48){2}{\line(0,-1){0.48}}
\multiput(30.30,37.57)(0.14,-0.47){2}{\line(0,-1){0.47}}
\multiput(30.58,36.63)(0.13,-0.30){3}{\line(0,-1){0.30}}
\multiput(30.96,35.72)(0.12,-0.22){4}{\line(0,-1){0.22}}
\multiput(31.42,34.86)(0.11,-0.16){5}{\line(0,-1){0.16}}
\multiput(31.97,34.04)(0.12,-0.15){5}{\line(0,-1){0.15}}
\multiput(32.59,33.28)(0.12,-0.12){6}{\line(0,-1){0.12}}
\multiput(33.28,32.59)(0.15,-0.12){5}{\line(1,0){0.15}}
\multiput(34.04,31.97)(0.16,-0.11){5}{\line(1,0){0.16}}
\multiput(34.86,31.42)(0.22,-0.12){4}{\line(1,0){0.22}}
\multiput(35.72,30.96)(0.30,-0.13){3}{\line(1,0){0.30}}
\multiput(36.63,30.58)(0.47,-0.14){2}{\line(1,0){0.47}}
\multiput(37.57,30.30)(0.48,-0.10){2}{\line(1,0){0.48}}
\multiput(38.53,30.11)(0.98,-0.10){1}{\line(1,0){0.98}}
\put(39.51,30.01){\line(1,0){0.98}}
\multiput(40.49,30.01)(0.98,0.10){1}{\line(1,0){0.98}}
\multiput(41.47,30.11)(0.48,0.10){2}{\line(1,0){0.48}}
\multiput(42.43,30.30)(0.47,0.14){2}{\line(1,0){0.47}}
\multiput(43.37,30.58)(0.30,0.13){3}{\line(1,0){0.30}}
\multiput(44.28,30.96)(0.22,0.12){4}{\line(1,0){0.22}}
\multiput(45.14,31.42)(0.16,0.11){5}{\line(1,0){0.16}}
\multiput(45.96,31.97)(0.15,0.12){5}{\line(1,0){0.15}}
\multiput(46.72,32.59)(0.12,0.12){6}{\line(1,0){0.12}}
\multiput(47.41,33.28)(0.12,0.15){5}{\line(0,1){0.15}}
\multiput(48.03,34.04)(0.11,0.16){5}{\line(0,1){0.16}}
\multiput(48.58,34.86)(0.12,0.22){4}{\line(0,1){0.22}}
\multiput(49.04,35.72)(0.13,0.30){3}{\line(0,1){0.30}}
\multiput(49.42,36.63)(0.14,0.47){2}{\line(0,1){0.47}}
\multiput(49.70,37.57)(0.10,0.48){2}{\line(0,1){0.48}}
\multiput(49.89,38.53)(0.10,0.98){1}{\line(0,1){0.98}}
%End Ellipse

\linethickness{0.15mm}
%Bezier 0 0(30.00,60.00)(20.00,50.00)(30.00,40.00)
\qbezier(30.00,60.00)(20.00,50.00)(30.00,40.00)
%End Bezier

\linethickness{0.15mm}
%Bezier 0 0(80.00,55.00)(70.00,35.00)(50.00,40.00)
\qbezier(80.00,55.00)(70.00,35.00)(50.00,40.00)
%End Bezier

\end{picture}
